name: py311_env
channels:
  - conda-forge
  - defaults
dependencies:
  - bzip2=1.0.8=h2bbff1b_6
  - ca-certificates=2024.9.24=haa95532_0
  - cuda-version=11.8=h70ddcb2_3
  - cudatoolkit=11.8.0=h09e9e62_13
  - cudnn=9.2.1.18=h49adc43_0
  - intel-openmp=2024.2.1=h57928b3_1083
  - libblas=3.9.0=25_win64_mkl
  - libcblas=3.9.0=25_win64_mkl
  - libffi=3.4.4=hd77b12b_1
  - libhwloc=2.11.1=default_h8125262_1000
  - libiconv=1.17=hcfcfb64_2
  - libjpeg-turbo=3.0.0=hcfcfb64_1
  - liblapack=3.9.0=25_win64_mkl
  - libpng=1.6.43=h19919ed_0
  - libxml2=2.12.7=h283a6d9_1
  - libzlib=1.2.13=h2466b09_6
  - libzlib-wapi=1.2.13=h2466b09_6
  - mkl=2024.2.2=h66d3029_14
  - numpy=2.1.3=py311h35ffc71_0
  - openssl=3.3.2=h2466b09_0
  - pip=24.2=py311haa95532_0
  - pthreads-win32=2.9.1=h2466b09_4
  - python=3.11.10=h4607a30_0
  - python_abi=3.11=2_cp311
  - setuptools=75.1.0=py311haa95532_0
  - sqlite=3.45.3=h2bbff1b_0
  - tbb=2021.13.0=hc790b64_0
  - tk=8.6.14=h0416ee5_0
  - tzdata=2024b=h04d1e81_0
  - ucrt=10.0.22621.0=h57928b3_1
  - vc=14.40=h2eaa2aa_1
  - vc14_runtime=14.40.33810=hcc2c482_22
  - vs2015_runtime=14.40.33810=h3bf8584_22
  - wheel=0.44.0=py311haa95532_0
  - xz=5.4.6=h8cc25b3_1
  - zlib=1.2.13=h2466b09_6
  - pip:
      - click==8.1.7
      - cmake==3.30.5
      - colorama==0.4.6
      - dlib==19.24.1
      - face-recognition==1.3.0
      - face-recognition-models==0.3.0
      - keyboard==0.13.5
      - opencv-python==4.10.0.84
      - pillow==11.0.0
prefix: F:\anaconda3\envs\py311_env
